0.536144578313253
-1.7373493975903613
0.9650602409638556
1.2216867469879515
1.4915662650602408
-0.9
-3.0987951807228913
-4.524096385542169
-2.23855421686747
-3.6048192771084335
-9.12289156626506
-7.063855421686746
-6.750602409638555
-10.210843373493976
-7.709638554216868
-7.267469879518073
-3.716867469879518
-8.656626506024097
-5.783132530120482
-5.056626506024097
0.7650602409638554
1.1734939759036143
1.6481927710843371
0.45060240963855414
-0.6228915662650604
-0.17951807228915673
-1.9048192771084338
-1.5807228915662652
-1.8542168674698796
-2.8216867469879516
-3.7
-3.3204819277108433
-8.089156626506023
-6.760240963855422
-1.9927710843373494
-3.9216867469879517
-8.596385542168676
-7.925301204819277
-4.945783132530121
-3.9301204819277107
-2.410843373493976
-2.3204819277108433
-2.4493975903614458
0.4831325301204821
1.0867469879518072
3.0337349397590363
1.1843373493975902
0.8578313253012047
1.257831325301205
-0.8120481927710839
-0.9180722891566262
1.156626506024097
-1.104819277108434
-0.6385542168674703
-1.2891566265060241
-0.3963855421686753
-1.3602409638554214
-1.2204819277108436
-1.2759036144578308
-0.3819277108433736
1.2602409638554217
1.668674698795181
1.9939759036144578
1.9168674698795183
0.43855421686746965
0.6590361445783133
1.363855421686746
0.7746987951807238
-0.6048192771084331
0.6457831325301209
0.202409638554216
-0.7939759036144576
-2.1349397590361434
-1.8987951807228916
-1.2072289156626494
-1.4240963855421684
-4.269879518072289
-5.383132530120481
-3.337349397590361
-2.919277108433734
-0.9156626506024095
1.2048192771084327
0.9626506024096386
-0.6554216867469869
0.48915662650602343
1.3939759036144572
0.77590361445783
2.2915662650602417
-1.5530120481927714
0.9228915662650596
-1.653012048192771
-3.3927710843373493
-2.2614457831325296
-0.46506024096385623
-0.4072289156626514
-1.0457831325301203
-0.9277108433734949
-0.9867469879518076
-3.709638554216868
-6.212048192771084
-6.1421686746987945
-4.1903614457831315
-1.7325301204819272
-0.6987951807228914
-1.290361445783132
-0.4048192771084338
0.38554216867470004
-0.13253012048192936
-0.2409638554216862
0.7361445783132545
2.727710843373492
0.579518072289158
0.4879518072289155
-1.1746987951807224
-3.0301204819277103
-1.5096385542168669
-1.9385542168674714
-0.7819277108433731
0.6096385542168665
-0.5831325301204835
-1.1409638554216865
-0.33493975903614626
-1.038554216867471
-4.095180722891564
-3.6277108433734924
-3.596385542168674
-3.4216867469879517
-3.5903614457831328
-3.396385542168673
-2.9939759036144586
-2.936144578313254
-5.3734939759036155
-3.971084337349396
-1.5939759036144565
-1.008433734939759
-2.2301204819277096
-3.1253012048192783
-1.85421686746988
-1.2156626506024075
-3.218072289156627
-1.7240963855421683
-0.13373493975903727
-0.22891566265060348
-2.2108433734939776
-2.3192771084337362
-2.824096385542168
-2.0927710843373486
-2.2313253012048193
-2.269879518072287
-0.85421686746988
-1.886746987951808
-0.1650602409638573
0.7927710843373497
2.8036144578313227
2.2614457831325296
2.090361445783131
-1.2072289156626503
-1.4469879518072268
-2.5590361445783145
-3.30722891566265
-3.0975903614457856
-2.9891566265060234
-1.7108433734939759
-3.3734939759036138
-4.2144578313253
-3.272289156626506
-1.919277108433736
-0.9228915662650579
-0.656626506024093
0.8253012048192758
3.2987951807228946
2.6168674698795193
2.144578313253014
2.1987951807228896
2.128915662650602
1.5518072289156635
2.4638554216867448
2.3445783132530096
3.4216867469879553
0.7024096385542187
-1.8144578313253028
-1.7457831325301214
-0.6987951807228932
-0.7493975903614469
0.37590361445783316
1.367469879518076
0.5746987951807228
1.510843373493973
1.1506024096385552
0.3819277108433745
1.3385542168674682
1.3036144578313227
1.2795180722891608
1.3951807228915634
2.0831325301204835
1.195180722891564
-1.3120481927710834
-0.5855421686746993
-0.3277108433734952
-0.31927710843373447
-2.3590361445783117
-0.9084337349397593
-0.5457831325301221
-0.5542168674698793
1.0096385542168669
2.084337349397593
3.1349397590361434
2.3795180722891587
-2.5626506024096365
-0.8277108433734917
-2.1843373493975875
-4.310843373493977
-4.898795180722892
-3.096385542168676
-1.153012048192771
-2.4915662650602393
-1.2228915662650621
-2.5180722891566276
-5.459036144578313
-4.585542168674699
-2.330120481927711
-2.5433734939759027
-0.22168674698795243
0.3000000000000007
-2.2710843373493965
-1.2373493975903607
0.14216867469879801
0.3650602409638566
0.20963855421686617
1.6265060240963862
1.1674698795180731
-1.2843373493975925
-1.4710843373493958
-1.6084337349397586
-1.1000000000000014
1.339759036144578
1.6867469879518069
2.4216867469879517
1.753012048192769
-0.24457831325300816
-0.07590361445783245
-0.8361445783132524
-1.6144578313253
-0.6012048192771076
-2.1746987951807206
-1.43734939759036
-0.5228915662650593
0.9265060240963869
2.113253012048194
2.4084337349397593
1.4530120481927717
-1.3144578313253028
-2.5289156626506006
-2.825301204819276
-0.756626506024098
-2.278313253012051
-2.474698795180725
-0.684337349397591
-3.278313253012046
-3.6168674698795193
-2.579518072289158
-2.3024096385542165
-1.4771084337349372
-1.6204819277108413
-0.4795180722891601
0.8975903614457827
1.7638554216867455
2.5855421686746993
2.578313253012052
2.7096385542168697
1.4542168674698814
0.814457831325301
0.18433734939758928
-0.4795180722891583
-1.274698795180722
0.2301204819277114
1.8313253012048207
2.106024096385541
1.6710843373493969
2.562650602409642
2.5192771084337338
2.1012048192771076
3.549397590361444
2.532530120481928
1.2349397590361448
-4.0915662650602425
-4.716867469879519
-1.1518072289156613
-2.159036144578314
-1.162650602409638
-0.17710843373494
3.209638554216868
3.991566265060241
3.2301204819277096
1.998795180722892
-2.789156626506024
-5.175903614457831
-5.2554216867469865
-5.039759036144579
-2.1397590361445804
-4.318072289156626
-4.143373493975903
-5.903614457831325
-5.1325301204819285
-7.1168674698795185
-6.655421686746987
-6.068674698795181
-3.7481927710843372
-4.26024096385542
-2.765060240963856
-3.7530120481927716
-0.9132530120481936
-1.5361445783132535
0.0024096385542158316
0.3626506024096381
2.8421686746987938
4.555421686746989
-1.5132530120481933
-5.108433734939759
-2.53855421686747
-1.685542168674698
-0.7216867469879515
-0.814457831325301
1.483132530120482
1.2457831325301205
3.000000000000001
3.2530120481927716
3.066265060240964
1.4807228915662654
0.773493975903615
-0.4867469879518076
-1.3253012048192767
-2.959036144578313
-5.2
-5.475903614457831
-4.110843373493976
-2.495180722891566
-2.353012048192771
-5.550602409638554
-5.795180722891566
-3.244578313253012
-0.1879518072289157
-0.9457831325301207
0.44578313253012025
-0.1277108433734937
1.027710843373494
0.9144578313253011
1.2710843373493974
2.2698795180722895
3.3987951807228916
1.2626506024096387
1.889156626506024
0.7638554216867472
-0.5626506024096383
-0.2385542168674697
-0.5313253012048191
-0.6987951807228914
1.0265060240963857
3.6783132530120484
1.3518072289156624
-1.842168674698795
-1.5481927710843373
-3.531325301204819
-2.3987951807228916
-1.2373493975903616
